image: map_coi_f1_outdoor.png
resolution: 0.050000
origin: [-77.500000, -67.20, 0.000000]
negate: 0
occupied_thresh: 0.2
free_thresh: 0.05

