image: map_coi_f2_low.pgm
resolution: 0.20000
origin: [-26.000000, -56.400000, 0.000000]
negate: 0
occupied_thresh: 0.2
free_thresh: 0.196

